sample	allele1_truth	allele1_eh	allele1_gangstr	allele2_truth	allele2_eh	allele2_gangstr
SRR4243277_38_17	17	17	19	38	119	42
SRR4243328_39_16	16	16	18	39	101	42
SRR4243247_39_18	18	18	22	39	90	41
SRR4243377_39_17	17	17	21	39	95	41
SRR4243319_39_16	16	17	19	39	89	42
SRR4243292_40_16	16	16	21	40	109	42
SRR4243270_40_19	19	19	21	40	131	44
SRR4243265_40_18	18	18	20	40	123	43
SRR4243362_40_9	9	9	11	40	103	42
SRR4243240_40_18	18	18	20	40	93	42
SRR4243318_40_15	15	15	17	40	78	44
SRR4243260_40_16	16	16	18	40	109	43
SRR4243216_40_18	18	18	29	40	99	41
SRR4243320_40_20	20	20	21	40	132	41
SRR4243351_40_15	15	15	17	40	108	45
SRR4243226_40_17	17	17	19	40	94	44
SRR4243227_40_17	17	17	19	40	130	39
SRR4243252_40_10	10	10	12	40	89	45
SRR4243251_40_24	24	76	35	40	127	42
SRR4243312_40_25	25	62	23	40	100	44
SRR4243196_40_17	17	17	19	40	153	45
SRR4243207_40_17	17	17	21	40	87	38
SRR4243241_40_17	17	17	19	40	98	42
SRR4243275_40_22	22	22	21	40	123	38
SRR4243192_40_17	17	17	19	40	78	43
SRR4243376_40_17	17	17	19	40	146	47
SRR4243306_40_18	18	18	20	40	120	45
SRR4243299_40_19	19	19	23	40	122	43
SRR4243286_41_18	18	18	20	41	115	44
SRR4243350_41_15	15	15	17	41	115	43
SRR4243321_41_19	19	19	35	41	120	41
SRR4243257_41_18	18	18	23	41	110	44
SRR4243179_41_19	19	19	23	41	146	42
SRR4243344_41_17	17	17	19	41	104	44
SRR4243255_41_17	17	17	19	41	102	44
SRR4243220_41_18	18	18	20	41	129	44
SRR4243290_41_17	17	17	21	41	92	44
SRR4243177_41_20	20	20	44	41	34	44
SRR4243250_41_24	24	78	21	41	130	42
SRR4243249_41_23	23	23	35	41	88	41
SRR4243176_41_20	20	20	24	41	51	42
SRR4243175_41_21	21	21	27	41	112	42
SRR4243343_41_17	17	17	19	41	89	44
SRR4243219_41_26	26	90	21	41	155	41
SRR4243274_41_17	17	17	19	41	98	42
SRR4243316_41_26	26	67	34	41	109	41
SRR4243268_41_18	18	18	20	41	98	45
SRR4243264_41_9	9	9	11	41	176	44
SRR4243204_41_17	17	17	21	41	136	45
SRR4243205_41_18	18	18	20	41	84	42
SRR4243378_41_17	17	17	19	41	90	44
SRR4243208_41_10	10	10	12	41	92	43
SRR4243359_41_28	28	72	16	41	118	36
SRR4243353_41_21	21	21	23	41	122	40
SRR4243358_41_15	15	15	17	41	121	42
SRR4243213_41_15	15	15	17	41	113	46
SRR4243214_41_15	15	15	17	41	124	44
SRR4243394_41_22	22	22	24	41	101	43
SRR4243282_41_17	17	17	19	41	111	43
SRR4243388_41_26	26	71	22	41	116	39
SRR4243256_42_19	19	19	21	42	182	40
SRR4243272_42_18	18	18	20	42	108	44
SRR4243254_42_23	23	23	36	42	112	42
SRR4243293_42_20	20	20	24	42	147	44
SRR4243278_42_16	16	16	18	42	106	45
SRR4243267_42_15	15	15	23	42	96	46
SRR4243333_42_18	18	18	20	42	129	44
SRR4243304_42_17	17	17	19	42	78	44
SRR4243340_42_16	16	17	19	42	122	46
SRR4243355_42_20	20	20	23	42	143	42
SRR4243193_42_15	15	15	17	42	103	42
SRR4243194_42_19	19	19	21	42	149	44
SRR4243373_42_17	17	17	19	42	109	45
SRR4243371_42_18	18	18	22	42	115	43
SRR4243185_42_17	17	16	22	42	84	44
SRR4243389_42_15	15	15	17	42	133	42
SRR4243183_42_21	21	21	23	42	112	42
SRR4243334_42_14	14	14	16	42	219	48
SRR4243364_42_18	18	18	23	42	140	42
SRR4243360_42_17	17	17	19	42	142	43
SRR4243210_42_24	24	87	21	42	149	40
SRR4243356_42_18	18	18	20	42	135	45
SRR4243188_42_19	19	19	23	42	153	44
SRR4243354_42_20	20	20	24	42	142	40
SRR4243190_42_15	15	15	17	42	118	42
SRR4243347_42_21	21	20	28	42	115	42
SRR4243337_42_20	20	19	23	42	100	43
SRR4243393_42_17	17	17	19	42	118	41
SRR4243237_42_19	19	19	24	42	136	45
SRR4243236_42_19	19	19	23	42	95	40
SRR4243180_42_17	17	17	19	42	88	42
SRR4243348_42_17	17	17	19	42	153	45
SRR4243181_42_18	18	18	21	42	107	43
SRR4243341_42_25	25	96	35	42	167	41
SRR4243342_42_29	29	78	23	42	131	43
SRR4243346_42_15	15	15	17	42	98	46
SRR4243233_42_20	20	20	23	42	90	41
SRR4243305_43_26	26	93	36	43	162	43
SRR4243392_43_20	20	20	22	43	91	44
SRR4243301_43_17	17	17	19	43	146	42
SRR4243297_43_18	18	18	20	43	107	44
SRR4243308_43_28	28	82	38	43	138	43
SRR4243329_43_25	25	24	33	43	186	41
SRR4243367_43_22	22	22	23	43	118	44
SRR4243310_43_17	17	17	19	43	171	42
SRR4243370_43_10	10	10	12	43	107	46
SRR4243314_43_20	20	20	23	43	156	38
SRR4243369_43_24	24	23	23	43	122	48
SRR4243315_43_23	23	23	29	43	114	43
SRR4243365_43_17	17	17	19	43	141	43
SRR4243324_43_19	19	19	23	43	97	43
SRR4243339_43_20	20	20	31	43	133	42
SRR4243338_43_17	17	17	19	43	113	40
SRR4243325_43_17	17	17	19	43	125	43
SRR4243326_43_16	16	16	21	43	157	46
SRR4243309_43_15	15	15	17	43	129	41
SRR4243174_43_22	22	22	24	43	144	44
SRR4243395_43_23	23	22	35	43	80	41
SRR4243232_43_15	15	15	17	43	181	41
SRR4243262_43_17	17	17	19	43	120	45
SRR4243209_43_17	17	17	19	43	150	42
SRR4243263_43_20	20	20	23	43	100	42
SRR4243258_43_16	16	16	18	43	117	46
SRR4243211_43_18	18	18	21	43	113	44
SRR4243202_43_17	17	17	19	43	140	40
SRR4243197_43_17	17	17	19	43	191	43
SRR4243261_43_17	17	17	19	43	103	44
SRR4243191_43_17	17	17	19	43	173	40
SRR4243284_43_14	14	14	16	43	112	46
SRR4243221_43_20	20	20	23	43	99	46
SRR4243285_43_23	23	23	35	43	133	42
SRR4243229_43_20	20	20	22	43	127	38
SRR4243287_43_16	16	16	18	43	159	41
SRR4243231_43_17	17	17	23	43	105	42
SRR4243288_43_23	23	22	19	43	188	41
SRR4243184_43_15	15	15	17	43	161	44
SRR4243182_43_24	24	76	24	43	126	44
SRR4243259_43_19	19	19	28	43	106	43
SRR4243228_44_18	18	18	23	44	123	46
SRR4243218_44_17	17	17	19	44	112	42
SRR4243217_44_18	18	18	23	44	119	43
SRR4243248_44_18	18	18	23	44	118	47
SRR4243253_44_17	17	17	19	44	167	42
SRR4243323_44_18	18	18	20	44	108	43
SRR4243291_44_17	17	17	19	44	184	43
SRR4243345_44_17	17	17	22	44	111	43
SRR4243235_44_18	18	18	21	44	100	41
SRR4243200_44_17	17	17	19	44	186	46
SRR4243273_44_17	17	17	19	44	190	45
SRR4243276_44_18	18	18	23	44	96	42
SRR4243372_44_22	22	22	21	44	131	39
SRR4243307_44_15	15	15	17	44	117	43
SRR4243189_44_23	23	23	17	44	189	44
SRR4243298_44_18	18	18	20	44	131	44
SRR4243391_44_17	17	17	19	44	126	47
SRR4243234_44_21	21	21	22	44	95	41
SRR4243363_45_17	17	17	19	45	142	43
SRR4243215_45_16	16	16	18	45	134	44
SRR4243195_45_17	17	17	19	45	135	43
SRR4243225_45_20	20	20	25	45	168	46
SRR4243379_45_24	24	24	35	45	142	42
SRR4243381_45_15	15	15	17	45	104	43
SRR4243206_45_28	28	100	34	45	175	44
SRR4243289_45_24	24	24	17	45	156	39
SRR4243269_45_20	20	20	23	45	136	43
SRR4243295_45_17	17	17	19	45	115	42
SRR4243271_45_23	23	22	23	45	182	45
SRR4243313_45_16	16	16	18	45	150	41
SRR4243238_45_19	19	19	23	45	122	44
SRR4243317_45_17	17	17	19	45	133	42
SRR4243322_45_20	20	20	28	45	105	48
SRR4243327_45_16	16	16	18	45	99	43
SRR4243281_45_15	15	15	17	45	120	44
SRR4243239_45_15	15	15	17	45	168	42
SRR4243331_45_21	21	21	23	45	140	47
SRR4243283_46_17	17	17	19	46	142	45
SRR4243390_46_17	17	17	19	46	113	45
SRR4243352_46_19	19	19	25	46	158	43
SRR4243296_46_15	15	15	17	46	193	45
SRR4243330_46_17	17	17	19	46	121	42
SRR4243302_46_20	20	20	23	46	126	40
SRR4243311_46_21	21	21	23	46	147	41
SRR4243303_46_23	23	23	29	46	165	44
SRR4243224_46_16	16	16	18	46	122	45
SRR4243294_46_19	19	19	23	46	150	42
SRR4243266_46_17	17	17	19	46	124	45
SRR4243361_46_13	13	13	15	46	115	47
SRR4243280_46_19	19	19	21	46	123	48
SRR4243279_46_26	26	94	29	46	163	47
SRR4243230_46_23	23	22	30	46	159	43
SRR4243201_46_19	19	19	23	46	142	45
SRR4243335_47_17	17	17	19	47	126	46
SRR4243187_47_19	19	19	23	47	201	41
SRR4243198_47_18	18	18	36	47	131	43
SRR4243223_47_20	20	20	22	47	185	42
SRR4243366_47_18	18	18	37	47	128	44
SRR4243242_47_17	17	17	19	47	196	42
SRR4243222_47_9	9	9	11	47	125	47
SRR4243212_47_19	19	19	21	47	174	44
SRR4243244_47_18	18	18	21	47	124	45
SRR4243336_48_30	30	20	21	48	198	43
SRR4243349_48_24	24	23	24	48	146	45
SRR4243357_48_17	17	17	21	48	148	44
SRR4243300_49_17	17	17	19	49	198	45
SRR4243332_49_17	17	17	19	49	205	46
SRR4243203_50_20	20	20	28	50	150	47
SRR4243368_50_17	17	17	21	50	158	47
SRR4243387_51_18	18	18	20	51	178	47
SRR4243186_51_14	14	14	16	51	208	44
SRR4243246_51_16	16	16	18	51	151	48
SRR4243199_51_17	17	17	21	51	117	46
SRR4243178_52_23	23	111	23	52	198	43
SRR4243243_61_17	17	17	19	61	434	60